WT21-B37-76 1 0.0027370111966361498 2568 5
WT21-B37-75 2 0.0015565000346152717 1704 1
WT25-B39-116 3 0.0014533918199680852 169 1
WT23-B21-53 4 0.0013543343476557156 198 1
WT23-B39-340 5 0.001278531779791695 274 395
WT24-B40-171 6 0.0012730305982728827 270 209
WT24-B26-10 7 0.001222835385137492 291 1
WT23-B37-134 8 0.0011934195977030514 207 2
WT08-B18-400 9 0.001150554732038412 990 0
WT13-B06-284 10 0.0011354573014297187 454 2
WT13-B06-273 11 0.0010539646952034698 452 11
WT01-B18-225 12 0.0009618288646791389 1137 0
WT04-B27-720 13 0.0009446701827684569 291 27
WT24-B26-46 14 0.0008598552298376457 179 3
WT23-B19-156 15 0.0008187687283798168 364 12
WT04-B30-12 16 0.000814857798301848 241 8
WT25-B15-307 17 0.0008009840243781369 605 8
WT07-B18-256 18 0.000796497828734149 169 169
WT24-B40-167 19 0.0007241340332443394 153 152
WT14-B03-220 20 0.0007204460547109809 163 162
WT14-B03-227 21 0.0007038324603975144 148 147
WT04-B40-202 22 0.0006866487060484032 322 36
WT18-B31-240 23 0.0006863487090419539 259 31
WT23-B20-363 24 0.0006600526042134141 181 193
WT08-B19-222 25 0.0006523761793488565 1041 1
WT27-B28-203 26 0.0006355611847722363 589 2
WT13-B39-295 27 0.0006269368559846639 443 19
WT13-B15-160 28 0.0006222994813291636 484 0
WT12-B30-56 29 0.0005972151536724606 174 7
WT10-B02-288 30 0.000580124104980194 193 18
WT21-B40-37 31 0.0005579136580350794 201 0
WT14-B36-337 32 0.000556408482927333 417 5
WT14-B02-400 33 0.00054711670185051 115 114
WT04-B22-268 34 0.0005436345815524768 113 109
WT23-B01-40 35 0.0005425878503900765 147 39
WT18-B14-66 36 0.000541593426903341 150 135
WT21-B35-155 37 0.0005414230195736529 174 7
WT13-B39-321 38 0.0005409144867241653 52 19
WT08-B08-60 39 0.0005393675596090409 175 39
WT23-B38-120 40 0.0005334145121252 116 395
WT22-B38-403 41 0.0005316553548854475 273 27
WT27-B20-494 42 0.0005213728624681587 121 15
WT10-B33-300 43 0.0005186722762114992 406 0
WT06-B35-151 44 0.0005138204330589821 255 11
WT06-B14-69 45 0.0005137516013315964 57 1
WT27-B34-57 46 0.0005130140828467786 630 623
WT06-B35-161 47 0.0005119052091661176 253 11
WT14-B36-323 48 0.0005104688540553049 368 13
WT14-B36-336 49 0.0005104688540553049 368 5
WT14-B36-335 50 0.0005104688540553049 368 6
WT14-B36-334 51 0.0005104688540553049 368 6
WT23-B38-87 52 0.0005074975841008266 1 1
WT27-B32-30 53 0.0005071809214423118 628 0
WT04-B40-238 54 0.0004997955239159272 311 21
WT21-B40-442 55 0.0004960399122626008 4 0
WT23-B27-31 56 0.0004940566322517168 194 42
WT07-B15-48 57 0.0004909532215103716 235 12
WT11-B02-164 58 0.00048606176835603465 183 20
WT21-B37-70 59 0.0004860501547411481 3 25
WT21-B37-72 60 0.00048536575088419805 2 2
WT22-B14-357 61 0.0004802154073297761 280 7
WT14-B03-221 62 0.0004759959691492772 105 104
WT04-B34-218 63 0.0004566811690412319 141 24
WT12-B09-105 64 0.0004535865430566165 234 500
WT15-B07-95 65 0.0004463131545085555 205 18
WT21-B03-285 66 0.00042807048329434135 189 15
WT18-B28-345 67 0.0004261490378627934 250 30
WT27-B28-177 68 0.00042432804296188087 461 20
WT25-B31-102 69 0.0004179824528084398 90 90
WT11-B19-232 70 0.0004154769923822702 161 9
WT11-B19-250 71 0.00041462857471650437 160 2
WT20-B39-148 72 0.0004103739902069912 168 8
WT23-B23-51 73 0.00040613646472057656 400 136
WT06-B09-17 74 0.00039922219692493076 101 94
WT21-B01-46 75 0.0003937863228183842 154 6
WT14-B14-78 76 0.00039333263245452504 64 1
WT23-B27-29 77 0.0003886720992172745 388 0
WT13-B02-184 78 0.00037740514103645534 159 20
WT10-B30-205 79 0.00037668253969458924 157 10
WT12-B34-116 80 0.000373320266456459 178 4
WT13-B16-437 81 0.00037279553387437145 291 12
WT06-B14-163 82 0.00037118172260331453 44 1
WT08-B24-319 83 0.00037043350913244517 287 1
WT14-B04-105 84 0.00036977147383253334 79 78
WT24-B26-2 85 0.00036895991143075967 320 2
WT12-B37-314 86 0.0003685008398245617 45 1
WT20-B03-150 87 0.0003669010880035685 145 33
WT25-B17-38 88 0.00036528207987115 161 43
WT22-B14-364 89 0.0003558220650333677 189 13
WT13-B30-412 90 0.0003539856411886706 75 74
WT16-B01-282 91 0.000353480753999752 58 12
WT18-B14-71 92 0.0003530836452949449 100 89
WT07-B23-234 93 0.000352941954456584 234 21
WT13-B16-450 94 0.00034880866458727794 291 11
WT25-B23-127 95 0.00034879414234063535 169 328
WT21-B40-447 96 0.00034483433524607995 779 15
WT14-B14-85 97 0.00034474234814684684 4 1
WT09-B39-178 98 0.0003435306262213398 77 7
WT04-B29-48 99 0.0003432192175784001 68 68
WT23-B30-88 100 0.00034271181359227606 477 10
WT13-B30-408 101 0.00034187624312872057 114 51
WT12-B17-278 102 0.00034109150490326613 78 23
WT07-B14-24 103 0.0003380354670953944 70 70
WT18-B31-187 104 0.00033626093718507375 159 19
WT08-B24-317 105 0.0003333548699630108 2 1
WT18-B14-62 106 0.000332791868626491 76 57
WT12-B40-248 107 0.00033276865896087837 357 3
WT13-B25-82 108 0.0003294083778139492 146 137
WT06-B39-355 109 0.00032777368889041494 178 7
WT24-B33-59 110 0.000327698391479675 53 56
WT18-B14-68 111 0.0003267872084647687 81 74
WT25-B31-56 112 0.00032435780883761873 72 73
WT11-B13-4 113 0.00032391259015361807 40 1
WT26-B22-336 114 0.0003191940278449004 164 9
WT13-B16-460 115 0.0003176880856486479 199 10
WT04-B38-204 116 0.000316879439564433 281 11
WT27-B19-302 117 0.00031671027025515007 213 9
WT25-B19-180 118 0.0003163307615273949 8 8
WT23-B18-180 119 0.0003153973388288299 74 44
WT15-B01-16 120 0.00031425261994065296 37 1
WT26-B25-680 121 0.00031321137650517505 81 2
WT04-B33-221 122 0.00031272865359449755 81 17
WT26-B25-679 123 0.0003115251213036038 80 2
WT09-B28-263 124 0.00031128555224264117 258 0
WT07-B14-20 125 0.00030950845539467234 64 64
WT24-B11-329 126 0.00030766427257628796 53 52
WT08-B02-134 127 0.00030614339230492627 74 75
WT17-B29-66 128 0.0003057081580899781 175 5
WT17-B29-69 129 0.0003057081580899781 175 5
WT17-B29-70 130 0.0003057081580899781 175 5
WT17-B29-67 131 0.0003052753285785268 172 7
WT17-B29-68 132 0.0003047183616985715 172 5
WT07-B14-25 133 0.00029999945149443126 62 62
WT04-B30-256 134 0.0002986563913900549 301 9
WT01-B11-115 135 0.0002984216076338127 73 10
WT05-B09-121 136 0.00029801009849486225 34 1
WT18-B18-148 137 0.00029718867287504365 165 11
WT13-B30-405 138 0.000296228463358546 186 20
WT12-B40-235 139 0.0002954819491683232 355 12
WT13-B16-451 140 0.00029275519454198095 291 3
WT18-B40-82 141 0.00029244743794115045 576 0
WT02-B03-141 142 0.0002886969005911973 54 53
WT27-B28-200 143 0.000287273093695235 4 1
WT08-B24-320 144 0.0002865552991724535 2 0
WT15-B34-52 145 0.0002856590504616958 264 14
WT18-B38-25 146 0.00028356100841770457 155 1
WT04-B38-159 147 0.00028273475336566573 254 36
WT10-B14-65 148 0.0002811483453176331 87 2
WT15-B34-57 149 0.0002805887580494967 264 6
WT27-B25-363 150 0.00027968455808828065 37 1
WT19-B34-131 151 0.0002796431423060886 134 2
WT27-B28-171 152 0.0002781332199970273 3 26
WT24-B26-381 153 0.0002778778282182705 4 10
WT15-B34-56 154 0.00027711837442298814 264 4
WT25-B29-410 155 0.00027711060660411786 113 2
WT12-B33-212 156 0.0002764716085886053 209 0
WT24-B02-93 157 0.0002760453302695977 76 77
WT15-B34-58 158 0.00027418313718955464 263 4
WT07-B11-415 159 0.0002724811774057511 55 55
WT13-B34-124 160 0.0002721710563376884 93 4
WT23-B27-41 161 0.00027185363338052475 193 1
WT16-B27-21 162 0.00027182033675788133 58 56
WT01-B01-33 163 0.00027164292206937864 122 11
WT24-B26-382 164 0.000264302753910746 3 5
WT13-B14-26 165 0.0002633545950473057 137 10
WT10-B39-186 166 0.00026246489418661235 97 9
WT12-B17-36 167 0.0002619049268001879 213 0
WT13-B25-53 168 0.0002617325135801436 69 19
WT02-B16-121 169 0.00026139455553859795 107 2
WT02-B16-122 170 0.00026139455553859795 107 3
WT27-B27-452 171 0.0002600441575511493 142 18
WT02-B29-124 172 0.00025940511615215185 184 5
WT02-B29-123 173 0.00025940511615215185 184 10
WT02-B29-125 174 0.00025940511615215185 184 3
WT11-B06-41 175 0.0002585833560911575 95 1
WT02-B28-19 176 0.0002578902828143541 183 10
WT02-B28-21 177 0.0002578902828143541 183 3
WT02-B28-20 178 0.0002578902828143541 183 5
WT27-B04-182 179 0.00025531297129466633 152 17
WT04-B38-150 180 0.0002531072157685621 229 6
WT07-B17-219 181 0.0002526668572396544 79 4
WT17-B22-102 182 0.000252288894583542 19 1
WT18-B39-107 183 0.000251602350865594 124 6
WT14-B20-107 184 0.0002510122448997148 94 4
WT24-B12-246 185 0.0002490792230087663 54 51
WT24-B13-88 186 0.0002479441804698016 52 51
WT07-B40-402 187 0.00024746223410837705 52 1
WT27-B29-141 188 0.00024696478953179196 1 0
WT18-B24-215 189 0.0002450884383523783 77 9
WT13-B16-438 190 0.0002446514712144497 198 10
WT12-B24-131 191 0.00024342521795463423 84 16
WT18-B38-24 192 0.00024303744708282693 1 13
WT24-B28-186 193 0.00024258152284949066 154 34
WT27-B04-181 194 0.00024255342618163965 208 3
WT13-B16-461 195 0.00024199318908657653 199 2
WT19-B34-114 196 0.00023873615098896948 78 14
WT20-B02-231 197 0.0002382304618659937 107 11
WT07-B14-21 198 0.00023819092614286595 49 49
WT07-B22-386 199 0.00023699554357617554 114 8
WT12-B12-11 200 0.00023697985567295798 73 80
WT12-B40-254 201 0.00023631353966824362 334 17
WT07-B02-55 202 0.00023542120731324107 266 5
WT02-B15-103 203 0.0002342351567027361 110 45
WT22-B07-427 204 0.00023372759400175832 108 140
WT27-B25-361 205 0.00023353453713535088 118 214
WT08-B09-307 206 0.0002335049965658397 240 6
WT14-B02-106 207 0.0002330577940522893 89 10
WT22-B07-425 208 0.00023276177234526134 144 2
WT06-B14-159 209 0.0002297278805772081 27 1
WT04-B35-13 210 0.00022839590051912286 130 1
WT08-B09-311 211 0.00022690165871994478 232 187
WT05-B15-106 212 0.00022518590895489974 39 37
WT14-B12-412 213 0.00022499397085310694 10 1
WT13-B31-359 214 0.00022492721889968794 53 53
WT24-B18-75 215 0.00022472912732749827 91 7
WT12-B17-270 216 0.00022332185561927485 183 8
WT11-B06-47 217 0.0002208471802282164 3 7
WT23-B30-98 218 0.00021709447817745624 155 8
WT10-B14-91 219 0.00021699353982399433 88 1
WT24-B28-188 220 0.00021665744102076828 166 5
WT01-B01-261 221 0.00021518537083935026 76 2
WT14-B25-212 222 0.00021512047785307556 45 44
WT15-B37-80 223 0.0002150968311032123 45 44
WT12-B30-421 224 0.00021497064257668515 109 12
WT24-B23-99 225 0.0002144871637171279 46 44
WT15-B34-80 226 0.00021434202713621286 133 4
WT01-B01-252 227 0.00021417178460922124 76 9
WT02-B28-217 228 0.00021322787222903105 162 9
WT02-B28-218 229 0.00021322787222903105 162 4
WT02-B28-220 230 0.00021322787222903105 162 4
WT02-B28-219 231 0.00021322787222903105 162 6
WT02-B28-266 232 0.0002126392394094806 163 6
WT02-B28-264 233 0.0002126392394094806 163 9
WT02-B28-265 234 0.0002126392394094806 163 4
WT02-B28-267 235 0.0002126392394094806 163 4
WT15-B34-82 236 0.0002118282988677217 132 4
WT15-B34-81 237 0.00021087164350970433 133 6
WT25-B13-353 238 0.00021014903314844153 40 1
WT23-B30-103 239 0.0002097844793951247 58 7
WT24-B04-120 240 0.00020942892883371575 86 7
WT24-B28-189 241 0.00020906630735960315 166 4
WT24-B28-187 242 0.0002090663073596031 166 4
WT26-B22-334 243 0.000208886101943972 11 7
WT08-B31-104 244 0.00020871533915437908 42 42
WT10-B35-224 245 0.00020800027619514416 102 23
WT18-B36-78 246 0.00020711670432503506 116 15
WT15-B34-53 247 0.00020623494641593433 134 14
WT23-B30-105 248 0.00020612655972699454 379 64
WT13-B06-280 249 0.00020544398686921214 273 2
WT10-B14-735 250 0.00020520829858183408 2 0
WT24-B28-190 251 0.00020511714436994086 155 4
WT23-B20-268 252 0.00020487124277859033 18 22
WT17-B12-3 253 0.0002044358916889092 42 41
WT27-B21-1 254 0.00020406144892836503 45 44
WT23-B18-107 255 0.00020361972975096041 136 2
WT02-B03-137 256 0.00020253930742101994 138 17
WT08-B09-310 257 0.00020211859944166137 233 0
WT04-B18-119 258 0.0002016661412187024 35 1
WT08-B01-1 259 0.00020164982516146908 3 1
WT25-B01-250 260 0.0002012074167333548 42 41
WT12-B17-255 261 0.0002011890223440868 194 23
WT10-B36-88 262 0.00020019030554125616 102 3
WT27-B25-360 263 0.00019884319008253796 33 59
WT07-B02-9 264 0.00019880716510403616 254 18
WT25-B13-334 265 0.0001986918692268479 64 64
WT27-B07-331 266 0.0001984481929669875 75 19
WT24-B02-91 267 0.00019751346580367625 57 58
WT22-B07-426 268 0.00019505145330569996 38 36
WT14-B13-292 269 0.00019385355593964435 114 37
WT12-B24-142 270 0.00019159557866288088 41 40
WT04-B29-34 271 0.00019020741218456487 98 15
WT24-B02-98 272 0.00018934468957784587 55 56
WT16-B27-59 273 0.00018901092490358775 109 7
WT03-B24-155 274 0.00018868493156775856 79 8
WT24-B09-109 275 0.0001860865804113011 96 8
WT22-B11-415 276 0.0001846150761794776 67 11
WT18-B26-434 277 0.00018433096243592484 64 62
WT12-B40-13 278 0.0001837582769969129 209 11
WT27-B19-54 279 0.0001836914214685468 138 5
WT07-B40-281 280 0.00018344297126450545 45 7
WT25-B13-354 281 0.0001830692151838057 35 1
WT24-B26-3 282 0.00018131671106085977 173 3
WT07-B23-109 283 0.00018116976942628146 38 4
WT21-B37-71 284 0.00018114226170956252 560 23
WT07-B14-22 285 0.00018113690274142155 37 37
WT03-B23-47 286 0.0001808938855971983 65 18
WT10-B33-180 287 0.00018059332387092433 75 7
WT25-B17-39 288 0.00017985717827763455 126 40
WT27-B34-206 289 0.0001795613927484953 192 0
WT10-B17-351 290 0.0001795492479845417 35 34
WT23-B33-14 291 0.0001789916186111931 90 7
WT23-B14-50 292 0.00017818954661335244 185 12
WT23-B14-53 293 0.00017818954661335244 185 8
WT23-B14-56 294 0.00017818954661335244 185 7
WT23-B14-51 295 0.00017818954661335244 185 7
WT23-B14-55 296 0.00017818954661335244 185 43
WT22-B14-452 297 0.00017616950656326193 106 110
WT07-B17-239 298 0.00017609895309077985 37 12
WT23-B14-52 299 0.0001751686537759411 183 8
WT23-B14-54 300 0.0001751686537759411 183 11
WT27-B20-291 301 0.00017512818120809465 36 9
WT02-B28-272 302 0.00017490555499239584 126 6
WT02-B28-270 303 0.00017490555499239584 126 6
WT02-B28-271 304 0.00017490555499239584 126 5
WT02-B28-273 305 0.00017490555499239584 126 4
WT02-B21-184 306 0.00017482964065075683 67 10
WT23-B14-244 307 0.0001747526265514044 49 16
WT02-B28-216 308 0.0001745985364679494 125 6
WT02-B28-224 309 0.0001745985364679494 125 5
WT02-B28-226 310 0.0001745985364679494 125 4
WT02-B28-225 311 0.0001745985364679494 125 6
WT07-B02-32 312 0.00017422892557243384 165 162
WT13-B27-94 313 0.0001741863187498982 69 61
WT27-B38-273 314 0.00017381616611601784 123 10
WT27-B38-275 315 0.00017381616611601784 123 5
WT17-B34-498 316 0.0001736770744014933 356 21
WT17-B34-499 317 0.0001736770744014933 356 55
WT17-B34-500 318 0.0001736770744014933 356 52
WT17-B34-502 319 0.0001736770744014933 356 17
WT17-B34-503 320 0.0001736770744014933 356 35
WT17-B34-504 321 0.0001736770744014933 356 21
WT17-B34-506 322 0.0001736770744014933 356 22
WT17-B34-505 323 0.0001736770744014933 356 38
WT17-B34-501 324 0.0001736770744014933 356 14
WT17-B34-507 325 0.0001736770744014933 356 16
WT17-B34-508 326 0.0001736770744014933 356 13
WT17-B34-509 327 0.0001736770744014933 356 13
WT13-B15-101 328 0.00017341005976494672 106 9
WT24-B08-146 329 0.00017335303353927716 159 13
WT23-B29-120 330 0.00017316322380702946 68 20
WT27-B20-174 331 0.00017266580500419732 107 9
WT23-B28-562 332 0.00017247937507688517 68 20
WT12-B40-12 333 0.00017060560804150752 208 11
WT12-B40-9 334 0.00017060560804150744 208 11
WT07-B19-144 335 0.0001703101149195273 38 37
WT13-B39-334 336 0.00016991571539980616 145 146
WT13-B39-315 337 0.00016989082427488762 145 146
WT13-B17-278 338 0.0001695752446097351 219 10
WT12-B40-14 339 0.00016939310763467802 208 10
WT11-B04-34 340 0.00016876925857961316 36 33
WT13-B21-124 341 0.00016865617034264357 65 8
WT02-B23-167 342 0.00016845694980616714 34 32
WT12-B39-315 343 0.00016820747502210363 97 8
WT12-B40-3 344 0.00016793435452102084 208 9
WT01-B12-77 345 0.00016784868254210192 70 59
WT07-B40-166 346 0.00016691695781451666 75 4
WT07-B40-167 347 0.00016691695781451666 75 4
WT07-B40-168 348 0.00016691695781451666 75 4
WT18-B38-182 349 0.00016678680695753225 81 8
WT12-B40-11 350 0.00016614585119398105 208 8
WT27-B21-3 351 0.00016523972374094323 35 34
WT25-B04-649 352 0.00016469989556550945 218 25
WT25-B04-650 353 0.00016427141423585025 217 7
WT14-B34-172 354 0.00016405565303320778 43 19
WT10-B40-320 355 0.0001636106995226633 29 2
WT25-B05-12 356 0.00016355858624841237 217 6
WT25-B05-34 357 0.00016355858624841237 217 0
WT02-B23-166 358 0.00016324164082980063 85 13
WT12-B06-139 359 0.000163018523199858 19 1
WT23-B28-180 360 0.00016269590071261257 45 6
WT27-B18-381 361 0.00016252126483255676 90 11
WT13-B34-256 362 0.00016241017181424223 50 21
WT08-B33-284 363 0.00016211611684718087 166 14
WT18-B39-137 364 0.0001602134197952632 60 43
WT08-B24-243 365 0.0001599447913548743 72 9
WT24-B11-274 366 0.0001598997481910246 197 196
WT18-B18-177 367 0.00015983206122952714 98 25
WT08-B07-159 368 0.00015972196407200412 92 11
WT06-B38-10 369 0.00015968130981274916 50 11
WT14-B02-403 370 0.00015817203493719513 33 32
WT12-B40-10 371 0.00015730504418758707 168 14
WT24-B11-54 372 0.00015728265895540502 209 8
WT12-B40-241 373 0.00015686875327124096 342 0
WT23-B30-89 374 0.00015682297886523156 367 367
WT24-B17-197 375 0.00015611272773882883 133 0
WT24-B08-147 376 0.00015548781387059494 146 11
WT24-B18-182 377 0.0001554322490642849 7 3
WT14-B15-37 378 0.00015520004476657714 96 10
WT23-B31-215 379 0.00015515006345791734 209 3
WT24-B40-140 380 0.00015464901262658324 81 8
WT24-B11-231 381 0.00015439076204289593 198 7
WT02-B16-103 382 0.00015425742533771214 19 1
WT04-B27-721 383 0.0001542071931335299 176 27
WT27-B04-169 384 0.0001540040067228787 141 54
WT05-B11-312 385 0.00015380553022882197 48 36
WT25-B13-371 386 0.00015365561515010755 18 1
WT19-B37-2 387 0.0001528670530195863 110 100
WT07-B40-97 388 0.000152851697080029 52 46
WT23-B32-191 389 0.00015275127153784965 21 17
WT09-B28-83 390 0.0001520939862709102 146 24
WT19-B37-1 391 0.00015186294365041687 110 56
WT19-B36-96 392 0.00015184472604783895 11 9
WT22-B09-181 393 0.00015182432877409104 275 9
WT02-B16-123 394 0.00015079803535598534 106 3
WT10-B36-90 395 0.0001506641859704531 98 2
WT08-B23-282 396 0.0001506381241885024 30 30
WT12-B40-17 397 0.00015060914028979053 201 8
WT09-B34-124 398 0.00015059255908839115 7 4
WT11-B15-220 399 0.0001503251704580505 71 41
WT10-B35-237 400 0.00014995004633301074 97 14
WT20-B39-186 401 0.00014950266210554086 49 33
WT18-B14-70 402 0.0001486012280694544 43 37
WT01-B06-32 403 0.00014847716322776954 52 9
WT11-B02-151 404 0.0001483776626133959 126 28
WT09-B33-104 405 0.00014820346797242193 61 57
WT09-B34-220 406 0.000148030219073727 91 4
WT09-B34-229 407 0.000148030219073727 91 3
WT16-B26-139 408 0.00014765982326438425 30 29
WT10-B38-105 409 0.0001474694167989329 117 15
WT23-B29-123 410 0.00014698591697081994 47 12
WT18-B31-223 411 0.00014693725578268969 32 29
WT23-B28-576 412 0.00014655577336266322 47 12
WT06-B31-160 413 0.00014623657524462887 126 39
WT09-B33-103 414 0.0001462006881125058 60 58
WT16-B27-185 415 0.00014609363247642271 99 0
WT27-B38-271 416 0.00014602747055577681 82 5
WT27-B38-272 417 0.00014602747055577681 82 10
WT10-B16-675 418 0.00014598631948124443 124 1
WT10-B38-110 419 0.00014591592343593426 116 5
WT10-B38-108 420 0.00014591592343593426 116 11
WT10-B38-109 421 0.00014591592343593426 116 5
WT27-B38-274 422 0.00014571764503809427 81 5
WT14-B15-270 423 0.0001454594553134106 37 39
WT23-B36-273 424 0.00014473169707589947 26 2
WT21-B35-163 425 0.0001445647461727565 8 141
WT27-B19-473 426 0.00014454033436153937 63 9
WT04-B22-262 427 0.00014425398848291223 65 62
WT12-B24-140 428 0.00014381489365427762 27 26
WT09-B34-230 429 0.00014294780870524902 90 22
WT24-B08-157 430 0.00014275982376727142 147 10
WT24-B01-154 431 0.00014205175990163567 132 15
WT24-B01-156 432 0.00014205175990163567 132 8
WT24-B01-155 433 0.00014205175990163567 132 14
WT19-B37-223 434 0.00014198583144663449 109 10
WT11-B16-268 435 0.000141508272308075 104 18
WT11-B16-269 436 0.000141508272308075 104 13
WT11-B16-270 437 0.000141508272308075 104 11
WT13-B18-188 438 0.0001414436103399693 177 62
WT04-B38-162 439 0.0001413971121378556 78 38
WT27-B19-320 440 0.00014119986031470796 143 64
WT22-B09-35 441 0.00014061169225269875 25 4
WT13-B37-273 442 0.0001399530408427524 65 12
WT24-B08-158 443 0.00013977140179679534 138 10
WT10-B32-84 444 0.0001392246796933665 55 1
WT12-B31-240 445 0.00013921834568975298 114 7
WT12-B31-243 446 0.00013921834568975298 114 7
WT12-B31-239 447 0.00013921834568975298 114 7
WT12-B31-228 448 0.00013921834568975298 114 7
WT12-B31-225 449 0.0001389612568919575 113 7
WT12-B31-241 450 0.0001387470162271279 112 7
WT12-B31-242 451 0.00013847273060438564 111 7
WT20-B40-44 452 0.00013806589430559875 17 1
WT22-B38-424 453 0.00013806255663227667 76 1
WT27-B08-132 454 0.00013763260682133155 95 11
WT02-B03-142 455 0.0001368600921768685 5 1
WT27-B27-28 456 0.0001367700554235292 45 1
WT10-B31-580 457 0.00013673836860017934 101 13
WT10-B31-581 458 0.00013673836860017934 101 5
WT10-B31-582 459 0.00013673836860017934 101 6
WT07-B22-391 460 0.00013670922850983087 29 20
WT16-B25-152 461 0.00013645088347045202 55 8
WT14-B03-224 462 0.0001359258479223357 30 29
WT22-B10-164 463 0.0001358776138612135 273 7
WT07-B02-14 464 0.00013580632475736432 96 88
WT18-B14-67 465 0.00013455659108184672 49 52
WT03-B21-27 466 0.00013344497542536676 31 12
WT25-B13-303 467 0.0001333635135019506 28 1
WT03-B17-89 468 0.00013316155471335497 55 19
WT21-B36-136 469 0.00013284914421092775 176 12
WT13-B14-28 470 0.00013280743885380622 38 20
WT25-B30-216 471 0.00013272820011019098 30 31
WT22-B13-79 472 0.0001325559884878205 272 34
WT09-B37-199 473 0.00013252246720826263 41 25
WT08-B01-172 474 0.00013240003132201165 74 4
WT25-B13-352 475 0.0001323543715657386 29 1
WT25-B13-355 476 0.0001323543715657386 29 1
WT24-B02-94 477 0.00013217078768904003 43 44
WT25-B05-10 478 0.00013215253515514138 77 5
WT25-B11-82 479 0.0001318200509068628 110 5
WT25-B11-85 480 0.0001318200509068628 110 10
WT25-B11-83 481 0.0001318200509068628 110 5
WT25-B11-84 482 0.0001318200509068628 110 11
WT25-B11-86 483 0.0001318200509068628 110 16
WT27-B08-97 484 0.00013156397396942918 93 8
WT21-B36-138 485 0.00013156370022195026 175 12
WT21-B36-140 486 0.00013156370022195026 175 15
WT21-B36-142 487 0.00013156370022195026 175 14
WT21-B36-143 488 0.00013156370022195026 175 8
WT21-B36-141 489 0.00013156370022195026 175 11
WT21-B36-137 490 0.00013156370022195026 175 13
WT21-B36-139 491 0.00013156370022195026 175 15
WT22-B09-242 492 0.00013147920431793878 61 11
WT14-B26-136 493 0.00013132055817105377 28 28
WT08-B31-45 494 0.00013115256871878522 31 31
WT08-B26-265 495 0.00013114966255261816 32 1
WT01-B20-257 496 0.00013114332202731927 148 26
WT10-B37-142 497 0.00013111062051905 38 2
WT04-B14-128 498 0.00013108846094843634 35 11
WT08-B31-47 499 0.00013107878885120137 29 28
WT08-B01-106 500 0.0001307996956859089 61 11
